Starters,Aaron Nesmith,Al Horford,Al-Farouq Aminu,Brad Wanamaker,Brodric Thomas,Bruno Fernando,C.J. Miles,Carsen Edwards,Daniel Theis,Dennis Schröder,Derrick White,Enes Freedom,Evan Fournier,Gordon Hayward,Grant Williams,Jabari Parker,Javonte Green,Jaylen Brown,Jayson Tatum,Jeff Teague,Joe Johnson,Josh Richardson,Juancho Hernangómez,Justin Jackson,Juwan Morgan,Kelan Martin,Kemba Walker,Luke Kornet,Malik Fitts,Marcus Smart,Matt Ryan,Moritz Wagner,Nik Stauskas,Norvel Pelle,Payton Pritchard,Robert Williams,Romeo Langford,Sam Hauser,Semi Ojeleye,Tacko Fall,Tremont Waters,Tristan Thompson,Vincent Poirier
Aaron Nesmith,1.0,-0.037495629245878584,,-0.25423804160549096,0.2445932416333341,0.15273932533033288,,0.09688745034689918,-0.17049603347385664,0.04536289079810258,0.055580147775526424,-0.160953259590162,0.3514932162528857,-0.21836823037123476,0.036366051025722775,0.08968415773102979,-0.04984912191304673,-0.06616513692306403,0.03437990330153057,0.039459767207859424,0.059170369887943,-0.0019628464076835036,0.059873443434215565,0.059170369887943,-0.028620450652320266,,-0.14630097840749826,0.21653715795944384,0.1269035652872954,-0.0891460662862615,0.05917036988794302,-0.030371455611528046,-0.025632713095573786,,0.24401537928668712,0.027437139814720308,0.05166332694345938,0.22218178898897425,-0.07426071057516145,0.024036868228783842,0.19733256071480457,0.15947806263762204,-0.10835851626499281
Al Horford,-0.037495629245878584,1.0,,-0.3199614152935985,0.162880002962792,0.07523092171589804,,-0.20127407064314945,-0.30508956427558626,0.38772984862745147,0.4084446774458002,-0.18652871373963026,-0.15011416883238154,-0.2748188571762103,0.33795369554261684,-0.07171604069806646,-0.22952517865904631,0.023598070854656917,0.03288944119871407,-0.15956660995584732,-0.03601915684697916,0.3126359194193257,0.043743941364313824,-0.03601915684697916,0.06452511533323871,,-0.4603623433201109,-0.0597751718142952,0.12318106994345553,0.04201981617154134,0.09468839698730405,-0.0767435131427773,0.12371988178707988,,0.016833024410924723,0.11184008200145598,0.05735792821769041,0.04269926559276415,-0.32161874378988586,-0.16356406839355372,-0.15820535012147774,-0.26317499016994467,-0.13637040312425333
Al-Farouq Aminu,,,,,,,,,,,,,,,,,,,,,,,,,,,,,,,,,,,,,,,,,,,
Brad Wanamaker,-0.25423804160549096,-0.3199614152935985,,1.0,-0.07781982891796553,-0.08300636995841428,,0.13627135276212646,0.3258601133875851,-0.210301022621672,-0.213563221228708,0.4057186534016867,-0.13610789149177796,0.430367541120358,-0.2009789795162048,-0.13479755321085385,0.23210907376080078,-0.03600270044321382,-0.11749550832193591,-0.1446783804787414,-0.03265841945424964,-0.1942453006623355,-0.08453861374619295,-0.03265841945424964,-0.032658419454249646,,0.32397095498610945,-0.1420436453147463,-0.07385438279258308,0.028734088803382095,-0.032658419454249625,-0.06958302364647771,-0.08995074222778889,,-0.38143442396700883,-0.25552737426886163,-0.08550683018605093,-0.11003635805641973,0.2208575572500601,-0.003579221182419656,-0.05088258649573665,-0.23861966717743782,0.2166335279038725
Brodric Thomas,0.2445932416333341,0.162880002962792,,-0.07781982891796553,1.0,-0.022266013291842898,,-0.04895313307918655,0.04004834994435941,-0.05641212074842261,0.22237412610436888,-0.07949077349576286,-0.03651021147652815,-0.06684042333435494,0.0902861850318381,-0.03615872026453465,-0.05582426280750928,0.0800333267408527,-0.031673726446521576,-0.03880919915418381,-0.008760445758840111,-0.014033032416700586,-0.022677029465205455,-0.008760445758840111,-0.008760445758840113,,-0.1119676219852048,0.12416141751174758,0.21533741139442003,-0.07206375686219545,0.33289693883592414,-0.018665272679377516,0.06997353127078847,,0.08191087555145259,0.039437638861165074,-0.03194702411525776,0.36516328233084605,-0.07822291820897771,-0.039781446171667255,-0.038478118585214785,-0.06400844517992765,-0.033167503746867305
Bruno Fernando,0.15273932533033288,0.07523092171589804,,-0.08300636995841428,-0.022266013291842898,1.0,,-0.05221576468997303,-0.1320618985652432,0.27632460133813863,-0.061105268267036876,0.04701898884901807,-0.03894354643564372,-0.07129520823435839,0.02949009288843387,-0.038568629014395936,-0.05954484192120998,0.061996656742737556,-0.03666088599676918,-0.041395757194195804,-0.00934431251995503,0.15575259733309083,0.19531638227664458,-0.00934431251995503,-0.009344312519955026,,-0.11943004736832774,-0.04064189986762883,-0.021131409459329595,0.07106973782806826,-0.009344312519955026,-0.019909276992016254,-0.025736941983853484,,0.12543039819334367,0.07128867841072425,-0.04070134865529896,0.026678455002849665,-0.0834363243708212,-0.04243280259440185,-0.04104261074584195,-0.06827448421492696,-0.03537805370289076
C.J. Miles,,,,,,,,,,,,,,,,,,,,,,,,,,,,,,,,,,,,,,,,,,,
Carsen Edwards,0.09688745034689918,-0.20127407064314945,,0.13627135276212646,-0.04895313307918655,-0.05221576468997303,,1.0,0.02271251166984267,-0.1322913978382063,-0.13434350775365364,0.0658517936858716,0.060899945678877715,0.06366283881286483,-0.09255957347580314,0.044689793635980204,0.21848762703490787,-0.08171169059817272,-0.18552305740205788,0.03516691091899433,-0.020544017841328012,-0.12219142840000105,-0.053179633861825816,-0.020544017841328012,-0.020544017841328012,,0.19340550577385127,0.08490985248839807,-0.04645864016403472,-0.09657452026441188,-0.02054401784132801,0.08606903871430927,-0.05658417290393179,,-0.05800858419079037,0.027684700732068405,-0.04073850155974619,-0.06921917658240151,0.20981884239177634,0.3014608297012183,0.26047432548218347,0.10566033819834661,0.2069642879488324
Daniel Theis,-0.17049603347385664,-0.30508956427558626,,0.3258601133875851,0.04004834994435941,-0.1320618985652432,,0.02271251166984267,1.0,-0.3345857954220161,-0.0037949116143674647,0.07434560001730307,-0.2165456285959922,0.35220511885468264,-0.21736188793251524,-0.214460899903143,0.18258067061965372,0.10732663173294925,-0.21456146242972826,0.21282331978997812,-0.0519590590388308,-0.309041380868676,-0.13449967561512766,-0.0519590590388308,-0.03147555995204264,,0.2802646799779677,-0.10925021074535304,0.02750609392220281,0.050433785979044556,0.060700185938504146,-0.11070555446850434,-0.04861100116027537,,-0.1460541053167642,-0.274732177745082,-0.30565820381346925,0.11085419758253502,0.13365262704089964,-0.046092694287980795,-0.10112872940354273,-0.033326499588423666,0.03309782583015766
Dennis Schröder,0.04536289079810258,0.38772984862745147,,-0.210301022621672,-0.05641212074842261,0.27632460133813863,,-0.1322913978382063,-0.3345857954220161,1.0,-0.1548134246873764,-0.0019897587415592553,-0.09866553186259705,-0.1806301758193048,0.12873760740101703,0.08522268091344518,-0.15086000211971556,-0.1696315892826479,0.07127699403039695,-0.10487833734325766,0.0038672522340818297,0.45151973535366935,0.24015032475888226,0.0038672522340818297,-0.02367430932864007,,-0.30258233321005584,-0.10296839998824132,-0.05353754200985648,-0.05051877048043958,-0.023674309328640057,-0.05044120485182983,-0.06520590192139072,,-0.08868912442919821,0.1462988047163142,0.24344611530213858,-0.06518386049420505,-0.2113903348353634,-0.1075057466406127,-0.10398362216343192,-0.17297701196377716,-0.08963216769760914
Derrick White,0.055580147775526424,0.4084446774458002,,-0.213563221228708,0.22237412610436888,-0.061105268267036876,,-0.13434350775365364,-0.0037949116143674647,-0.1548134246873764,1.0,-0.21814884306174004,-0.10019603588293967,-0.1834321189606201,0.2424241491910495,-0.0992314283206942,-0.15320014903216164,0.07799668815969049,0.07775744870129032,-0.10650521467235621,-0.024041546244331934,-0.1429939800105675,-0.06223323191307543,-0.024041546244331934,-0.024041546244331934,,-0.3072760035194355,0.07055637945953515,0.24955048087763368,0.12057671734130569,0.0848935927548816,-0.0512236510147326,0.16068704772801384,,0.17121108868819518,0.07233730442064563,-0.18732350202921974,0.3987654626304295,-0.2146694309008227,-0.10917338045697456,-0.10559662063175769,-0.17566023889459723,-0.09102254578024335
Enes Freedom,-0.160953259590162,-0.18652871373963026,,0.4057186534016867,-0.07949077349576286,0.04701898884901807,,0.0658517936858716,0.07434560001730307,-0.0019897587415592553,-0.21814884306174004,1.0,-0.13903039526036576,0.35862917663782407,-0.14243636369453613,-0.10883492387338678,0.19916650846678052,-0.132266876637808,-0.018884163831252385,-0.14778490947972742,0.022944433756665973,-0.00548488601914989,0.021038778359553645,0.022944433756665973,-0.033359659866433446,,0.18508276842440452,-0.1450936013767091,-0.07544018145328071,-0.049685979017414984,-0.033359659866433446,-0.07107710783665737,-0.09188216134145477,,-0.2915607599222906,-0.3005206106217513,0.06040411434944603,-0.1083339266911112,0.11485466639204743,-0.027150372819986827,0.013876251685369548,-0.24374330011996478,0.294839776756221
Evan Fournier,0.3514932162528857,-0.15011416883238154,,-0.13610789149177796,-0.03651021147652815,-0.03894354643564372,,0.060899945678877715,-0.2165456285959922,-0.09866553186259705,-0.10019603588293967,-0.13903039526036576,1.0,-0.11690476852688937,-0.06273842537094175,0.24348118858136822,-0.09763736068891397,-0.27682427976556073,0.10496743070256469,-0.06787779336971772,-0.015322133411790952,-0.09113277559347628,-0.03966241906108169,-0.015322133411790952,-0.01532213341179096,,0.09165581265466896,0.30752069042100455,-0.034649769496000134,0.0037015949561001356,-0.015322133411790954,0.1415630659120277,-0.042201591379354364,,0.11741974300459773,-0.002919280820140851,0.1457600886380864,-0.05162502614830839,-0.06840013997250356,0.037877849813534974,0.18395960404953565,0.2177381069214401,-0.05801039482868314
Gordon Hayward,-0.21836823037123476,-0.2748188571762103,,0.430367541120358,-0.06684042333435494,-0.07129520823435839,,0.06366283881286483,0.35220511885468264,-0.1806301758193048,-0.1834321189606201,0.35862917663782407,-0.11690476852688937,1.0,-0.2266248599416467,-0.11577930260610844,0.13725763520797096,-0.13683137466107695,-0.1022702086238613,-0.12426606859701583,-0.028050724501773275,-0.16683971562911284,-0.07261127156745208,-0.028050724501773275,-0.028050724501773285,,0.26717387865422515,-0.12200306164642266,-0.06343445211319558,0.0031226556629051815,-0.028050724501773268,-0.05976572837647657,-0.07725981633913408,,-0.32761879236623276,-0.2664617792898484,-0.09955437666649712,-0.09451160272293795,0.03547081168783645,-0.06999793819159388,-0.05506060611807104,-0.20495341343985835,0.2705027579110558
Grant Williams,0.036366051025722775,0.33795369554261684,,-0.2009789795162048,0.0902861850318381,0.02949009288843387,,-0.09255957347580314,-0.21736188793251524,0.12873760740101703,0.2424241491910495,-0.14243636369453613,-0.06273842537094175,-0.2266248599416467,1.0,0.07198150080444246,-0.13202270103469813,-0.041522719089598724,0.030981784502782786,0.015750746583956705,-0.062002044943206554,0.08010274795292513,0.07602472912469578,-0.062002044943206554,0.16706106554141775,,-0.3026142215048701,0.061670226247691605,0.1905062856784117,-0.11984821625705812,0.04650153370740495,-0.0667189122541044,0.08989226340690606,,0.21742440901528967,-0.043553138986628985,0.16219981142820813,0.2094844350426969,-0.14256197971216228,0.018427374476402678,0.044647541099966555,-0.10197465959880121,-0.01431359574571988
Jabari Parker,0.08968415773102979,-0.07171604069806646,,-0.13479755321085385,-0.03615872026453465,-0.038568629014395936,,0.044689793635980204,-0.214460899903143,0.08522268091344518,-0.0992314283206942,-0.10883492387338678,0.24348118858136822,-0.11577930260610844,0.07198150080444246,1.0,-0.09669738601178934,-0.22460855144763453,-0.005540525844336113,-0.06722432008391364,-0.015174624125335608,-0.0627407953832783,0.25600149940873934,-0.015174624125335608,-0.015174624125335608,,-0.05767507947693417,0.20659508133465182,-0.03431618913634445,-0.05068700313921674,-0.015174624125335604,-0.032331516557891564,-0.04179530809853794,,0.1334305528004249,-0.054217987983742895,0.3437341938028244,-0.03924329601045215,-0.0040258275538377405,0.043728060558642666,0.3749059064692238,0.08618983099437436,-0.05745191699023887
Javonte Green,-0.04984912191304673,-0.22952517865904631,,0.23210907376080078,-0.05582426280750928,-0.05954484192120998,,0.21848762703490787,0.18258067061965372,-0.15086000211971556,-0.15320014903216164,0.19916650846678052,-0.09763736068891397,0.13725763520797096,-0.13202270103469813,-0.09669738601178934,1.0,-0.03202246864517996,-0.22440848450584333,0.1582660735916012,-0.023427604710025474,-0.13934238694778883,-0.060644001108315096,-0.023427604710025474,-0.023427604710025477,,0.10063937819082189,-0.10189538959981494,-0.052979639403290174,-0.13239864841256593,-0.023427604710025467,-0.04991556847390269,-0.06452640597742765,,-0.10055116164044543,-0.10161499661095472,-0.030162897227108815,-0.07893487631536869,0.3819178892948614,0.3164245298830798,0.1653097131974469,0.07709213734813641,0.18371872834845834
Jaylen Brown,-0.06616513692306403,0.023598070854656917,,-0.03600270044321382,0.0800333267408527,0.061996656742737556,,-0.08171169059817272,0.10732663173294925,-0.1696315892826479,0.07799668815969049,-0.132266876637808,-0.27682427976556073,-0.13683137466107695,-0.041522719089598724,-0.22460855144763453,-0.03202246864517996,1.0,-0.174929711104526,0.08592577853485356,0.08507987377851413,-0.07662771446471903,-0.0683970950696259,0.08507987377851413,0.029909314297434948,,-0.1925853585918271,-0.11897240587533452,0.0437696509506464,-0.10100837611632862,-0.0031930213912125865,-0.0014600543469409832,0.08921691692735599,,0.07111274331137223,0.07201559446774913,-0.13646925584341751,0.05669205408831752,-0.056185228850288337,0.0033464496421773877,-0.10739525777458482,-0.03705082014361488,-0.03654302646908684
Jayson Tatum,0.03437990330153057,0.03288944119871407,,-0.11749550832193591,-0.031673726446521576,-0.03666088599676918,,-0.18552305740205788,-0.21456146242972826,0.07127699403039695,0.07775744870129032,-0.018884163831252385,0.10496743070256469,-0.1022702086238613,0.030981784502782786,-0.005540525844336113,-0.22440848450584333,-0.174929711104526,1.0,-0.1334076066981673,-0.03320042210078529,-0.017798610775043893,-0.03505930952623248,-0.03320042210078529,0.016967743398371815,,-0.17802464178299504,-0.0695776244988713,0.036726962630579514,-0.010844094719230507,0.03926470584244164,0.04586924767688209,0.043663463216533416,,-0.011866412857669307,0.061805796600207956,-0.0689603979745835,-0.10300846932247143,-0.1190737272778514,-0.13446683173108676,-0.1331549677746568,0.09469910773312995,-0.025324106906676556
Jeff Teague,0.039459767207859424,-0.15956660995584732,,-0.1446783804787414,-0.03880919915418381,-0.041395757194195804,,0.03516691091899433,0.21282331978997812,-0.10487833734325766,-0.10650521467235621,-0.14778490947972742,-0.06787779336971772,-0.12426606859701583,0.015750746583956705,-0.06722432008391364,0.1582660735916012,0.08592577853485356,-0.1334076066981673,1.0,-0.016286942830431254,-0.09687125586096676,-0.04215989604080455,-0.016286942830431254,-0.016286942830431257,,-0.019616233172596635,-0.0708379881613129,-0.0368316082168228,-0.09194539795466634,-0.016286942830431257,-0.034701456685199715,-0.04485895584356645,,0.10489173748436098,0.08187766048316118,-0.1269022856242188,-0.05487576872617357,0.16411021669663547,0.1302172367802058,0.07030832587894743,0.3196298285166729,-0.06166321351949847
Joe Johnson,0.059170369887943,-0.03601915684697916,,-0.03265841945424964,-0.008760445758840111,-0.00934431251995503,,-0.020544017841328012,-0.0519590590388308,0.0038672522340818297,-0.024041546244331934,0.022944433756665973,-0.015322133411790952,-0.028050724501773275,-0.062002044943206554,-0.015174624125335608,-0.023427604710025474,0.08507987377851413,-0.03320042210078529,-0.016286942830431254,1.0,-0.021866861493049772,-0.00951680247243622,1.0,-0.003676470588235294,,-0.04698912365821839,-0.015990341632330225,-0.008314041851583567,-0.05253897909029368,-0.0036764705882352936,-0.007833200263568423,-0.010126064387582241,,0.03282900336430267,0.1839574113909348,0.19136274118769325,-0.01238717123459303,-0.03282758275525446,-0.016694962885879974,-0.016147999218695232,-0.026862236532337398,-0.013919309058844781
Josh Richardson,-0.0019628464076835036,0.3126359194193257,,-0.1942453006623355,-0.014033032416700586,0.15575259733309083,,-0.12219142840000105,-0.309041380868676,0.45151973535366935,-0.1429939800105675,-0.00548488601914989,-0.09113277559347628,-0.16683971562911284,0.08010274795292513,-0.0627407953832783,-0.13934238694778883,-0.07662771446471903,-0.017798610775043893,-0.09687125586096676,-0.021866861493049772,1.0,0.06339246944155859,-0.021866861493049766,-0.021866861493049762,,-0.2794812671702215,-0.09510713531059371,-0.04945014443955114,0.006650159855781513,-0.02186686149304974,-0.04659020141732988,-0.060227667301766374,,-0.020191701188923487,0.20435171022367876,0.19931733342968413,-0.03935726486580541,-0.1952514478309315,-0.09929807196754306,-0.0960448489469829,-0.1597708431357566,-0.08278907608908957
Juancho Hernangómez,0.059873443434215565,0.043743941364313824,,-0.08453861374619295,-0.022677029465205455,0.19531638227664458,,-0.053179633861825816,-0.13449967561512766,0.24015032475888226,-0.06223323191307543,0.021038778359553645,-0.03966241906108169,-0.07261127156745208,0.07602472912469578,0.25600149940873934,-0.060644001108315096,-0.0683970950696259,-0.03505930952623248,-0.04215989604080455,-0.00951680247243622,0.06339246944155859,1.0,-0.009516802472436223,-0.009516802472436223,,-0.12163464863261522,-0.04139212299661152,-0.021521481581352128,-0.019051489217296252,-0.009516802472436225,-0.020276789340833153,-0.02621202925114317,,0.15428991506116557,0.08202677059253968,0.15746624339796528,0.007425593587388255,-0.08497650483837237,-0.04321608462692397,-0.04180023073791052,-0.06953478694054346,-0.03603110964350247
Justin Jackson,0.059170369887943,-0.03601915684697916,,-0.03265841945424964,-0.008760445758840111,-0.00934431251995503,,-0.020544017841328012,-0.0519590590388308,0.0038672522340818297,-0.024041546244331934,0.022944433756665973,-0.015322133411790952,-0.028050724501773275,-0.062002044943206554,-0.015174624125335608,-0.023427604710025474,0.08507987377851413,-0.03320042210078529,-0.016286942830431254,1.0,-0.021866861493049766,-0.009516802472436223,1.0,-0.003676470588235294,,-0.04698912365821839,-0.015990341632330225,-0.008314041851583567,-0.05253897909029368,-0.0036764705882352936,-0.007833200263568423,-0.010126064387582241,,0.03282900336430267,0.1839574113909348,0.19136274118769325,-0.01238717123459303,-0.03282758275525446,-0.016694962885879974,-0.016147999218695232,-0.026862236532337398,-0.013919309058844781
Juwan Morgan,-0.028620450652320266,0.06452511533323871,,-0.032658419454249646,-0.008760445758840113,-0.009344312519955026,,-0.020544017841328012,-0.03147555995204264,-0.02367430932864007,-0.024041546244331934,-0.033359659866433446,-0.01532213341179096,-0.028050724501773285,0.16706106554141775,-0.015174624125335608,-0.023427604710025477,0.029909314297434948,0.016967743398371815,-0.016286942830431257,-0.003676470588235294,-0.021866861493049762,-0.009516802472436223,-0.003676470588235294,1.0,,-0.0469891236582184,0.0592745422577758,-0.008314041851583567,0.10353437555225445,-0.0036764705882352928,-0.007833200263568424,0.4045362722839104,,0.06530116973551509,-0.00046443229866884733,-0.028645800843946426,-0.012387171234593026,-0.03282758275525446,-0.016694962885879974,-0.016147999218695235,-0.026862236532337398,-0.013919309058844781
Kelan Martin,,,,,,,,,,,,,,,,,,,,,,,,,,,,,,,,,,,,,,,,,,,
Kemba Walker,-0.14630097840749826,-0.4603623433201109,,0.32397095498610945,-0.1119676219852048,-0.11943004736832774,,0.19340550577385127,0.2802646799779677,-0.30258233321005584,-0.3072760035194355,0.18508276842440452,0.09165581265466896,0.26717387865422515,-0.3026142215048701,-0.05767507947693417,0.10063937819082189,-0.1925853585918271,-0.17802464178299504,-0.019616233172596635,-0.04698912365821839,-0.2794812671702215,-0.12163464863261522,-0.04698912365821839,-0.0469891236582184,,1.0,-0.01825857755736806,-0.1062621150605164,-0.07189299573186997,-0.04698912365821839,0.07355158629322288,-0.12942165053673788,,-0.24719384704601038,-0.22167290610769227,-0.19563091205505143,-0.15832095128964654,0.13524381130835184,0.06851758652785175,-0.13256248193872552,0.09662340651114297,0.14978770095430158
Luke Kornet,0.21653715795944384,-0.0597751718142952,,-0.1420436453147463,0.12416141751174758,-0.04064189986762883,,0.08490985248839807,-0.10925021074535304,-0.10296839998824132,0.07055637945953515,-0.1450936013767091,0.30752069042100455,-0.12200306164642266,0.061670226247691605,0.20659508133465182,-0.10189538959981494,-0.11897240587533452,-0.0695776244988713,-0.0708379881613129,-0.015990341632330225,-0.09510713531059371,-0.04139212299661152,-0.015990341632330225,0.0592745422577758,,-0.01825857755736806,1.0,0.31905054157387963,-0.011113264588258703,0.3603340778181999,0.2574971364372609,0.08033873798251448,,0.3534183894519751,-0.09623444154447876,0.05688961137765921,0.1960916168299796,-0.021473462823656583,0.11466414129995676,0.3019607498381401,0.009311704013861211,-0.060540265941241324
Malik Fitts,0.1269035652872954,0.12318106994345553,,-0.07385438279258308,0.21533741139442003,-0.021131409459329595,,-0.04645864016403472,0.02750609392220281,-0.05353754200985648,0.24955048087763368,-0.07544018145328071,-0.034649769496000134,-0.06343445211319558,0.1905062856784117,-0.03431618913634445,-0.052979639403290174,0.0437696509506464,0.036726962630579514,-0.0368316082168228,-0.008314041851583567,-0.04945014443955114,-0.021521481581352128,-0.008314041851583567,-0.008314041851583567,,-0.1062621150605164,0.31905054157387963,1.0,-0.07507789040868772,0.6824743919908597,-0.01771415091189498,0.09941273638496677,,0.18172930154598665,-0.09738094529821843,-0.06478016928812597,0.22373533150863786,-0.0742369319604743,-0.0377543126791246,-0.036517398440011284,-0.06074678238190132,-0.03147739531241841
Marcus Smart,-0.0891460662862615,0.04201981617154134,,0.028734088803382095,-0.07206375686219545,0.07106973782806826,,-0.09657452026441188,0.050433785979044556,-0.05051877048043958,0.12057671734130569,-0.049685979017414984,0.0037015949561001356,0.0031226556629051815,-0.11984821625705812,-0.05068700313921674,-0.13239864841256593,-0.10100837611632862,-0.010844094719230507,-0.09194539795466634,-0.05253897909029368,0.006650159855781513,-0.019051489217296252,-0.05253897909029368,0.10353437555225445,,-0.07189299573186997,-0.011113264588258703,-0.07507789040868772,1.0,-0.05253897909029364,0.07851051064310859,0.05195851668329109,,-0.1447858544826819,-0.10763700461845951,-0.08435466502575424,0.05961668408847784,-0.13283370450859544,-0.12304776190300652,-0.17275959615320577,-0.16123118060712213,-0.08649983699264442
Matt Ryan,0.05917036988794302,0.09468839698730405,,-0.032658419454249625,0.33289693883592414,-0.009344312519955026,,-0.02054401784132801,0.060700185938504146,-0.023674309328640057,0.0848935927548816,-0.033359659866433446,-0.015322133411790954,-0.028050724501773268,0.04650153370740495,-0.015174624125335604,-0.023427604710025467,-0.0031930213912125865,0.03926470584244164,-0.016286942830431257,-0.0036764705882352936,-0.02186686149304974,-0.009516802472436225,-0.0036764705882352936,-0.0036764705882352928,,-0.04698912365821839,0.3603340778181999,0.6824743919908597,-0.05253897909029364,1.0,-0.007833200263568419,-0.010126064387582238,,0.08694928064965675,-0.058096258451669956,-0.028645800843946446,0.22916266783997108,-0.03282758275525444,-0.016694962885879974,-0.01614799921869523,-0.026862236532337404,-0.013919309058844783
Moritz Wagner,-0.030371455611528046,-0.0767435131427773,,-0.06958302364647771,-0.018665272679377516,-0.019909276992016254,,0.08606903871430927,-0.11070555446850434,-0.05044120485182983,-0.0512236510147326,-0.07107710783665737,0.1415630659120277,-0.05976572837647657,-0.0667189122541044,-0.032331516557891564,-0.04991556847390269,-0.0014600543469409832,0.04586924767688209,-0.034701456685199715,-0.007833200263568423,-0.04659020141732988,-0.020276789340833153,-0.007833200263568423,-0.007833200263568424,,0.07355158629322288,0.2574971364372609,-0.01771415091189498,0.07851051064310859,-0.007833200263568419,1.0,-0.02157490134248386,,0.09091198618149325,0.08608124589586677,-0.02616740018753484,-0.02639248449047335,-0.06994344813029023,0.2425724563469949,0.0014217115368672893,-0.05723349969355872,-0.029656904025653824
Nik Stauskas,-0.025632713095573786,0.12371988178707988,,-0.08995074222778889,0.06997353127078847,-0.025736941983853484,,-0.05658417290393179,-0.04861100116027537,-0.06520590192139072,0.16068704772801384,-0.09188216134145477,-0.042201591379354364,-0.07725981633913408,0.08989226340690606,-0.04179530809853794,-0.06452640597742765,0.08921691692735599,0.043663463216533416,-0.04485895584356645,-0.010126064387582241,-0.060227667301766374,-0.02621202925114317,-0.010126064387582241,0.4045362722839104,,-0.12942165053673788,0.08033873798251448,0.09941273638496677,0.05195851668329109,-0.010126064387582238,-0.02157490134248386,1.0,,0.09936435443384022,0.025705723840222374,-0.07889882886806732,0.08563581813934112,-0.09041666693380235,-0.04598276120355485,-0.0444762649108049,-0.07398637638808818,-0.03833780697486117
Norvel Pelle,,,,,,,,,,,,,,,,,,,,,,,,,,,,,,,,,,,,,,,,,,,
Payton Pritchard,0.24401537928668712,0.016833024410924723,,-0.38143442396700883,0.08191087555145259,0.12543039819334367,,-0.05800858419079037,-0.1460541053167642,-0.08868912442919821,0.17121108868819518,-0.2915607599222906,0.11741974300459773,-0.32761879236623276,0.21742440901528967,0.1334305528004249,-0.10055116164044543,0.07111274331137223,-0.011866412857669307,0.10489173748436098,0.03282900336430267,-0.020191701188923487,0.15428991506116557,0.03282900336430267,0.06530116973551509,,-0.24719384704601038,0.3534183894519751,0.18172930154598665,-0.1447858544826819,0.08694928064965675,0.09091198618149325,0.09936435443384022,,1.0,0.13615906660446295,-0.006710294805903014,0.20907904044519302,0.08285643875775445,0.11271820637979127,0.10030843827772266,0.17131346439525072,-0.16257074658242104
Robert Williams,0.027437139814720308,0.11184008200145598,,-0.25552737426886163,0.039437638861165074,0.07128867841072425,,0.027684700732068405,-0.274732177745082,0.1462988047163142,0.07233730442064563,-0.3005206106217513,-0.002919280820140851,-0.2664617792898484,-0.043553138986628985,-0.054217987983742895,-0.10161499661095472,0.07201559446774913,0.061805796600207956,0.08187766048316118,0.1839574113909348,0.20435171022367876,0.08202677059253968,0.1839574113909348,-0.00046443229866884733,,-0.22167290610769227,-0.09623444154447876,-0.09738094529821843,-0.10763700461845951,-0.058096258451669956,0.08608124589586677,0.025705723840222374,,0.13615906660446295,1.0,0.03428044948399471,-0.03485273460316836,-0.0931589391322827,-0.045129468798979715,-0.07957317133995304,0.03613374237068113,-0.1922816814008181
Romeo Langford,0.05166332694345938,0.05735792821769041,,-0.08550683018605093,-0.03194702411525776,-0.04070134865529896,,-0.04073850155974619,-0.30565820381346925,0.24344611530213858,-0.18732350202921974,0.06040411434944603,0.1457600886380864,-0.09955437666649712,0.16219981142820813,0.3437341938028244,-0.030162897227108815,-0.13646925584341751,-0.0689603979745835,-0.1269022856242188,0.19136274118769325,0.19931733342968413,0.15746624339796528,0.19136274118769325,-0.028645800843946426,,-0.19563091205505143,0.05688961137765921,-0.06478016928812597,-0.08435466502575424,-0.028645800843946446,-0.02616740018753484,-0.07889882886806732,,-0.006710294805903014,0.03428044948399471,1.0,-0.04741902508770458,-0.06133305472059233,0.07022930189378991,0.1592272827186294,-0.022073952195594288,0.08731970222986889
Sam Hauser,0.22218178898897425,0.04269926559276415,,-0.11003635805641973,0.36516328233084605,0.026678455002849665,,-0.06921917658240151,0.11085419758253502,-0.06518386049420505,0.3987654626304295,-0.1083339266911112,-0.05162502614830839,-0.09451160272293795,0.2094844350426969,-0.03924329601045215,-0.07893487631536869,0.05669205408831752,-0.10300846932247143,-0.05487576872617357,-0.01238717123459303,-0.03935726486580541,0.007425593587388255,-0.01238717123459303,-0.012387171234593026,,-0.15832095128964654,0.1960916168299796,0.22373533150863786,0.05961668408847784,0.22916266783997108,-0.02639248449047335,0.08563581813934112,,0.20907904044519302,-0.03485273460316836,-0.04741902508770458,1.0,-0.11060632175553402,-0.05625051501413922,-0.054407624545710256,-0.09050721763829547,-0.04689847521992399
Semi Ojeleye,-0.07426071057516145,-0.32161874378988586,,0.2208575572500601,-0.07822291820897771,-0.0834363243708212,,0.20981884239177634,0.13365262704089964,-0.2113903348353634,-0.2146694309008227,0.11485466639204743,-0.06840013997250356,0.03547081168783645,-0.14256197971216228,-0.0040258275538377405,0.3819178892948614,-0.056185228850288337,-0.1190737272778514,0.16411021669663547,-0.03282758275525446,-0.1952514478309315,-0.08497650483837237,-0.03282758275525446,-0.03282758275525446,,0.13524381130835184,-0.021473462823656583,-0.0742369319604743,-0.13283370450859544,-0.03282758275525444,-0.06994344813029023,-0.09041666693380235,,0.08285643875775445,-0.0931589391322827,-0.06133305472059233,-0.11060632175553402,1.0,0.39119418588444776,0.23523405697711514,0.19175707203451206,0.1457114820364047
Tacko Fall,0.024036868228783842,-0.16356406839355372,,-0.003579221182419656,-0.039781446171667255,-0.04243280259440185,,0.3014608297012183,-0.046092694287980795,-0.1075057466406127,-0.10917338045697456,-0.027150372819986827,0.037877849813534974,-0.06999793819159388,0.018427374476402678,0.043728060558642666,0.3164245298830798,0.0033464496421773877,-0.13446683173108676,0.1302172367802058,-0.016694962885879974,-0.09929807196754306,-0.04321608462692397,-0.016694962885879974,-0.016694962885879974,,0.06851758652785175,0.11466414129995676,-0.0377543126791246,-0.12304776190300652,-0.016694962885879974,0.2425724563469949,-0.04598276120355485,,0.11271820637979127,-0.045129468798979715,0.07022930189378991,-0.05625051501413922,0.39119418588444776,1.0,0.2162415941995234,0.009181609320858554,0.029038088273406457
Tremont Waters,0.19733256071480457,-0.15820535012147774,,-0.05088258649573665,-0.038478118585214785,-0.04104261074584195,,0.26047432548218347,-0.10112872940354273,-0.10398362216343192,-0.10559662063175769,0.013876251685369548,0.18395960404953565,-0.05506060611807104,0.044647541099966555,0.3749059064692238,0.1653097131974469,-0.10739525777458482,-0.1331549677746568,0.07030832587894743,-0.016147999218695232,-0.0960448489469829,-0.04180023073791052,-0.016147999218695232,-0.016147999218695235,,-0.13256248193872552,0.3019607498381401,-0.036517398440011284,-0.17275959615320577,-0.01614799921869523,0.0014217115368672893,-0.0444762649108049,,0.10030843827772266,-0.07957317133995304,0.1592272827186294,-0.054407624545710256,0.23523405697711514,0.2162415941995234,1.0,0.14107048781661746,-0.021282782763029383
Tristan Thompson,0.15947806263762204,-0.26317499016994467,,-0.23861966717743782,-0.06400844517992765,-0.06827448421492696,,0.10566033819834661,-0.033326499588423666,-0.17297701196377716,-0.17566023889459723,-0.24374330011996478,0.2177381069214401,-0.20495341343985835,-0.10197465959880121,0.08618983099437436,0.07709213734813641,-0.03705082014361488,0.09469910773312995,0.3196298285166729,-0.026862236532337398,-0.1597708431357566,-0.06953478694054346,-0.026862236532337398,-0.026862236532337398,,0.09662340651114297,0.009311704013861211,-0.06074678238190132,-0.16123118060712213,-0.026862236532337404,-0.05723349969355872,-0.07398637638808818,,0.17131346439525072,0.03613374237068113,-0.022073952195594288,-0.09050721763829547,0.19175707203451206,0.009181609320858554,0.14107048781661746,1.0,-0.10170182606706765
Vincent Poirier,-0.10835851626499281,-0.13637040312425333,,0.2166335279038725,-0.033167503746867305,-0.03537805370289076,,0.2069642879488324,0.03309782583015766,-0.08963216769760914,-0.09102254578024335,0.294839776756221,-0.05801039482868314,0.2705027579110558,-0.01431359574571988,-0.05745191699023887,0.18371872834845834,-0.03654302646908684,-0.025324106906676556,-0.06166321351949847,-0.013919309058844781,-0.08278907608908957,-0.03603110964350247,-0.013919309058844781,-0.013919309058844781,,0.14978770095430158,-0.060540265941241324,-0.03147739531241841,-0.08649983699264442,-0.013919309058844783,-0.029656904025653824,-0.03833780697486117,,-0.16257074658242104,-0.1922816814008181,0.08731970222986889,-0.04689847521992399,0.1457114820364047,0.029038088273406457,-0.021282782763029383,-0.10170182606706765,1.0
