Starters,Andre Drummond,Blake Griffin,Brandon Knight,Braxton Key,Bruce Brown,Cade Cunningham,Carsen Edwards,Cassius Stanley,Cheick Diallo,Chris Smith,Christian Wood,Cory Joseph,Deividas Sirvydis,Delon Wright,Dennis Smith Jr.,Derrick Rose,Derrick Walton,Donta Hall,Frank Jackson,Hamidou Diallo,Isaiah Livers,Isaiah Stewart,Jahlil Okafor,Jamorko Pickett,Jaysean Paige,Jerami Grant,John Henson,Jordan Bone,Jordan McRae,Josh Jackson,Justin Robinson,Kelly Olynyk,Khyri Thomas,Killian Hayes,Langston Galloway,Louis King,Luka Garza,Luke Kennard,Markieff Morris,Marvin Bagley III,Mason Plumlee,Micah Potter,Reggie Jackson,Rodney McGruder,Saben Lee,Saddiq Bey,Sekou Doumbouya,Svi Mykhailiuk,Thon Maker,Tim Frazier,Tony Snell,Trayvon Palmer,Trey Lyles,Tyler Cook,Wayne Ellington
Andre Drummond,1.0,0.255914857290841,-0.08926929844122104,-0.09493475270754155,0.6385476402496213,-0.283980012514636,-0.05241652149898827,-0.07438783408925673,-0.04014744279535645,,0.3404480947254509,-0.3057928169402236,-0.07598569922267014,-0.17832531895877632,-0.1347065994223059,0.5416854240518028,-0.05327990099629518,-0.0476500237240124,-0.31937121204811336,-0.2901923205942917,-0.11607397242174544,-0.4699920078562879,-0.1526186642237678,-0.08336861363645698,,-0.40728813386893403,-0.10222857630174333,0.0006218505802238527,-0.06574222753130125,-0.3411636864611821,-0.06915121029195934,-0.19475142671185752,-0.04087098895223308,-0.3160892804301498,0.6423822189463704,0.2752833078812528,-0.14858780673475794,0.5261604007989875,0.5866349011149053,-0.13572399231698778,-0.2638992010449338,-0.045184059777391476,0.1903274168430289,-0.20938386517349764,-0.24961944524662605,-0.5155943014930058,0.08044786746954627,0.32065780920573483,0.28047735679841374,0.4053213539197205,0.6063370273922046,,-0.23215272962549827,-0.1407767573621329,-0.20222702957154692
Blake Griffin,0.255914857290841,1.0,-0.07337734582394392,-0.07803422119104744,0.1447497173185654,-0.23342515231140584,-0.043085196053735716,-0.06114511844915647,-0.03300029064171039,,0.05367394794793142,-0.2513547845777587,-0.06245852747691652,0.26067698359648034,-0.09020697293015058,0.30194939271016835,-0.04379487448806229,-0.03916724260601421,-0.2523063801510677,-0.238531529154122,-0.09541018204772217,-0.2023751558771045,0.08377582216952066,-0.06852711627047256,,0.035438900101508554,-0.08402957934436577,-0.044469799706309425,-0.054038625250057586,-0.012427179687801541,-0.056840732035980016,-0.16008127135615213,-0.0561435573241083,-0.21680897460771173,0.25015350883109155,0.05576918243069201,-0.12213581903723252,0.2858625606901883,0.1319778630398411,-0.11156205430926985,0.13545941669396555,-0.03714027597291441,-0.09339231225361881,-0.13717018346091342,-0.18486947664353393,-0.28647566254346296,-0.08425652313514195,0.17585184187972042,-0.0176952091474806,0.08851238526032382,0.028590121005190424,,-0.19082429707811818,-0.11571531298340265,0.11135325115150516
Brandon Knight,-0.08926929844122104,-0.07337734582394392,1.0,-0.03424322069286748,-0.010709305506101234,-0.1024323544704346,-0.018906780314388517,-0.026831891872410973,-0.014481290619999188,,0.49919409002023074,-0.11030029170704167,-0.027408246124572707,-0.06432242227504391,-0.04858903279617723,0.1412956347077602,0.06948119770926116,0.4736476090285922,-0.11519805535073935,-0.1046731507069727,-0.04186819411201659,-0.1695273815952993,-0.05504996275668346,-0.030071283214969748,,-0.1469099255635615,0.7708669664633759,-0.019514376414196483,0.5227426548116152,-0.12305865949713964,-0.024943027581282615,-0.07024736353071227,0.35244418017082035,-0.11401425378716389,0.2533605284158047,-0.028882321581660413,-0.053596021616678854,-0.06181990825844795,-0.06829584863682296,-0.04895600915025566,-0.09518915175238223,-0.01629801191480873,-0.03102739294235793,-0.07552532344767049,-0.09003840542086687,-0.18597625158829023,0.11434554933652875,0.20484971199910418,0.08613969284987029,-0.04174542522971301,0.21718910878725822,,-0.08373811410777524,-0.05077855509487022,-0.07294383359289475
Braxton Key,-0.09493475270754155,-0.07803422119104744,-0.03424322069286748,1.0,-0.09467564680908985,0.17660085922422786,0.5818452780241766,-0.028534771349861942,-0.01540034219940555,,-0.09670228141550213,-0.037653384661607815,-0.02914770378415167,-0.06840462912623992,-0.051672723919086096,-0.111758244902619,-0.020437882230155364,-0.018278291718357247,0.20430460253584892,-0.11131620670267431,0.6094242847367353,0.14176796239474987,-0.05854369522469429,0.5929959333849257,,-0.1520004176153172,-0.03921432968046925,-0.020752851556724794,-0.02521836337357757,-0.13086854732677008,-0.02652603074690485,0.10014350842296549,-0.02620067818403907,0.3628692034651633,-0.10765856467586041,-0.030715331080819808,0.15313147869899665,-0.06574329366756465,-0.08353864566772375,0.20115504336709558,-0.10123030806614056,-0.017332361268367208,-0.043583663644512764,0.16429361249215127,0.1323258714787568,0.06504426432943074,-0.10597756443332519,-0.12059479433630294,-0.07645388275348618,-0.04439478846653475,-0.09532536725285858,,-0.08905253310859108,-0.054001203716772944,-0.07757319621192273
Bruce Brown,0.6385476402496213,0.1447497173185654,-0.010709305506101234,-0.09467564680908985,1.0,-0.28320494443696775,-0.05227346082300434,-0.07418480699921991,-0.040037868177639005,,0.525729130146745,-0.3049582150656343,-0.07577831107128137,-0.1778386147680797,-0.13433894402240998,0.4357827568741203,-0.053134483894303135,-0.04751997227439952,-0.3184995505914045,-0.2894002972329096,-0.11575717114451611,-0.4687092563033773,-0.15220212133524255,-0.08314107525959416,,-0.40617652031493895,0.1577763678917882,0.2406854775600572,0.05196942392022413,-0.34023254669435765,-0.06896247554561287,-0.1942198906625839,0.1109132993163676,-0.3152265763659264,0.6175127537520922,0.256551680972187,-0.14818226528586842,0.4764260183770816,0.4683501370609912,-0.13535356014154312,-0.2631789396270932,-0.04506073869559133,0.21428696091167743,-0.20881239273627333,-0.24893815763816823,-0.514187087370518,0.20477542771982563,0.3703787668779501,0.4056421294678424,0.20812661519626732,0.6011796550767893,,-0.23151911401191008,-0.14039253464961585,-0.20167509032175732
Cade Cunningham,-0.283980012514636,-0.23342515231140584,-0.1024323544704346,0.17660085922422786,-0.28320494443696775,1.0,-0.023995294253018478,0.03393751702638451,-0.04606731724460945,,-0.2892672525430893,0.2949729000285322,-0.08719004420747542,-0.20461998247545335,-0.15456953714739793,-0.33430442362692664,-0.06113620024241253,-0.05467617877423418,0.12322566723646539,0.20848103782750813,0.1698399390342221,0.2364964478833916,-0.1751227956929307,0.15673387913823603,,0.08453913876606146,-0.11730252110856418,-0.062078373585155194,-0.07543613842329294,-0.159959761004402,0.07455517259152648,0.32376807349940734,-0.07837455416897393,0.36451350216115136,-0.3220409773241016,-0.09187931559260784,0.11099901957444586,-0.19665908243299474,-0.2498906350476159,0.44423885985535727,-0.3028120191142538,0.05736945768574878,-0.13037258742676655,0.23487116385633405,0.06582698064964904,0.3269292004014389,-0.3170125714316583,-0.3607373509501197,-0.22869785786467597,-0.132798919518433,-0.28514846474423455,,0.35096069720266826,-0.1615347601371732,-0.2320460801001499
Carsen Edwards,-0.05241652149898827,-0.043085196053735716,-0.018906780314388517,0.5818452780241766,-0.05227346082300434,-0.023995294253018478,1.0,-0.015754962363850305,-0.008503022812664804,,-0.053392430782770874,-0.06476535284315772,-0.016093382017381704,-0.03776838945661511,-0.02853016800454467,-0.06170531106425868,-0.011284410216045437,-0.010092031037059227,0.14484810793814026,-0.06146124759803622,0.3893580203999794,0.018841393053121634,-0.032323851612367796,0.08367904165421171,,-0.08626154127096185,-0.02165148900842341,-0.011458314882216615,-0.013923867163930783,-0.07225672189432143,-0.014645872257246733,0.1489965502649664,-0.014466234673329055,0.1366640566881805,-0.0594417461355453,-0.016958919321211206,0.1303678731791428,-0.036298980801647486,-0.046124365332557045,-0.02874564661016893,-0.05589249950905013,-0.009569752499912824,-0.024063938413206594,0.3332232740889924,0.0056860449803467685,0.14401769859643357,-0.058513611992466096,-0.0665842533920957,-0.042212640521376604,-0.024511786439975626,-0.05263219231634956,,-0.0491687594173827,-0.029815796374498982,-0.04283064937782763
Cassius Stanley,-0.07438783408925673,-0.06114511844915647,-0.026831891872410973,-0.028534771349861942,-0.07418480699921991,0.03393751702638451,-0.015754962363850305,1.0,0.3638729536847242,,-0.0757728130197946,0.05760957256939938,0.036454889518496056,-0.05359967827646379,-0.040489092815929266,-0.08757018418253197,0.726194641057673,-0.01432228444275687,-0.015195841116999296,0.42829260931943,-0.03488863844126885,-0.0584638178371496,-0.04587296604397871,-0.025058308575362242,,-0.12241959284672745,-0.030727093788073152,-0.016261270340444896,-0.019760302493390846,-0.052243916782330674,0.4942706505546487,-0.05853691375172022,-0.02053001294251519,0.008516652319381545,-0.08435780595612408,-0.02406755047306409,0.6054963020275739,-0.051514340979955824,-0.06545820931472426,-0.04079489309237972,-0.07932082979587522,0.35032231066150515,-0.03415076405347224,-0.03952723675963725,-0.04027858061112844,0.15388971278578184,-0.08304062796198185,-0.09449422152868057,-0.05990681582398034,-0.03478633550613223,-0.0746939071463953,,0.0944777165682784,-0.042313615068640155,-0.060783874029383324
Cheick Diallo,-0.04014744279535645,-0.03300029064171039,-0.014481290619999188,-0.01540034219940555,-0.040037868177639005,-0.04606731724460945,-0.008503022812664804,0.3638729536847242,1.0,,-0.04089492204471636,0.006026872471209451,0.13895238703671808,-0.0289279832354283,-0.02185214232360829,-0.04726201539661153,-0.008643080476768464,-0.007729800207309018,0.15651616766597282,0.25543299886989734,-0.01882955234787521,-0.07624223527784627,-0.02475784249739225,-0.01352407987669907,,-0.06607039526043457,-0.01658354830769809,-0.008776279465127273,-0.010664722581120594,-0.04732284728933606,-0.011217728720271157,-0.0315926310402323,-0.011080138712045016,-0.0512760916877752,-0.045528280671562074,-0.012989363350495012,0.4579751576438234,-0.02780251748090558,-0.03532808484242317,-0.022017184084212157,-0.042809802378290046,-0.00732977084454918,-0.018431318279940417,-0.033966309309719174,-0.04049333638932451,0.11067495585713528,-0.04481739388720326,-0.05099894895128211,-0.03233197324255149,-0.01877433900168116,-0.0403126317769032,,0.041624078872263756,-0.022836845046390566,-0.03280532543193455
Chris Smith,,,,,,,,,,,,,,,,,,,,,,,,,,,,,,,,,,,,,,,,,,,,,,,,,,,,,,,
Christian Wood,0.3404480947254509,0.05367394794793142,0.49919409002023074,-0.09670228141550213,0.525729130146745,-0.2892672525430893,-0.053392430782770874,-0.0757728130197946,-0.04089492204471636,,1.0,-0.311486175454519,-0.0774004277698049,-0.18164544263979368,-0.1372146143993306,0.3961217348758763,-0.01407048869957103,0.23929033756393556,-0.32531737791142185,-0.29559522356555906,-0.11823507857782815,-0.47874248481762977,-0.15546017234058046,-0.08492079988798978,,-0.4148711679896708,0.5020862856116477,0.13198771315406735,0.4558524026518645,-0.3475155922989896,-0.07043869191376116,-0.19837737746026177,0.3572715576249275,-0.32197434213310716,0.6610221912469016,0.19645652827484938,-0.1513542669252181,0.20056863112382461,0.34323672945866585,-0.13825094947374492,-0.26881256944324494,-0.04602531253806148,0.4428592113676043,-0.21328224782182056,-0.25426694811523104,-0.5251938180405157,0.21902597152641393,0.4435016248307966,0.5928972464918009,0.1772151803067006,0.567830109693536,,-0.23647503102242282,-0.1433977886805347,-0.2059921637305252
Cory Joseph,-0.3057928169402236,-0.2513547845777587,-0.11030029170704167,-0.037653384661607815,-0.3049582150656343,0.2949729000285322,-0.06476535284315772,0.05760957256939938,0.006026872471209451,,-0.311486175454519,1.0,0.02206161257345779,-0.22033705925061622,-0.06124821122013177,-0.3599826991738968,-0.06583213629580845,-0.058875913761848406,0.2550794700274305,0.3027724709407543,0.03552858317090937,0.2916801716166186,0.058193113150166904,-0.009819593571445342,,0.10301556582293034,-0.1263126515360977,-0.06684667896721716,-0.08123046781809162,0.018884449197490705,-0.08544257432604703,0.2630340466343134,-0.084394586377904,0.1737233363278941,-0.346777284619791,-0.09893666277712182,-0.011958087434626336,-0.21176467407531266,-0.2690849984178149,0.21808818079438833,-0.03478916414792536,-0.055828992284914856,-0.1403866434401322,0.0892981855335648,0.0739696940848336,0.3520683557161531,-0.20615447467876838,-0.3884459675376129,-0.2462643816561909,-0.14299934466009911,-0.30705101921856415,,0.4061888435553175,0.07421498827342406,-0.00843672241643647
Deividas Sirvydis,-0.07598569922267014,-0.06245852747691652,-0.027408246124572707,-0.02914770378415167,-0.07577831107128137,-0.08719004420747542,-0.016093382017381704,0.036454889518496056,0.13895238703671808,,-0.0774004277698049,0.02206161257345779,1.0,-0.05475100978286807,-0.005704662951533322,-0.08945120875792113,-0.01635846439367795,-0.014629929896104149,0.05934978223155589,0.15413124445444648,-0.035638053175547586,0.004997994953346769,0.34093471872276176,-0.025596565913609832,,-0.01950743638845407,-0.03138711773441062,-0.016610565587713826,-0.020184757631337272,0.0892817044092907,-0.021231413538463813,-0.05979429803567822,-0.020971001610501007,0.02406926589285536,-0.08616982802288868,-0.024584526134721816,0.027961096814223672,-0.05262087903594864,-0.0668642643725201,-0.04167117532443703,0.06749730432310046,-0.013872807929610645,-0.034884329102496205,-0.046625647887083926,0.03226962537313246,0.040847517995181236,0.05815609310185117,-0.08562817505399409,-0.061193625870689154,-0.03553355275348181,-0.07629834678856108,,-0.07127757541700257,0.4535557915984232,0.0355399308474439
Delon Wright,-0.17832531895877632,0.26067698359648034,-0.06432242227504391,-0.06840462912623992,-0.1778386147680797,-0.20461998247545335,-0.03776838945661511,-0.05359967827646379,-0.0289279832354283,,-0.18164544263979368,-0.22033705925061622,-0.05475100978286807,1.0,0.07501138742736256,-0.05581753264616329,-0.03839049203363894,-0.03433391995804582,-0.15132407424669175,-0.20909622134570033,-0.08363635874397922,0.006333539111340664,0.07784781454708692,-0.06007072156324902,,0.44001912140921334,-0.07366014708614455,-0.03898213001678875,-0.04737014174424965,0.40278977653521053,-0.049826462478121974,-0.140326895431755,-0.049215320637095376,-0.16257948088348642,-0.20222571120619467,-0.057695638906704504,-0.10706399419066587,-0.12349211935891638,-0.1569188859634287,-0.09779505495292304,0.5194736512198559,-0.03255708540171704,-0.08186749845699366,-0.03701049964822418,-0.09522089756713192,0.01910418544346011,0.04621857924000407,0.09377052967335034,-0.14361087629998365,-0.08339111429289389,-0.179059048824784,,-0.16727616513204396,-0.08516267071094721,0.4026995375082527
Dennis Smith Jr.,-0.1347065994223059,-0.09020697293015058,-0.04858903279617723,-0.051672723919086096,-0.13433894402240998,-0.15456953714739793,-0.02853016800454467,-0.040489092815929266,-0.02185214232360829,,-0.1372146143993306,-0.06124821122013177,-0.005704662951533322,0.07501138742736256,1.0,-0.15857810442309295,-0.029000103082367806,-0.025935776419136324,-0.04556881969966457,-0.0937839290114938,-0.06317874287425197,0.10991270292015129,0.014282889548343468,-0.045377306340330124,,0.1728765811586565,-0.055642731973552274,-0.029447025265176913,-0.03578331302463903,0.25529507266672075,-0.037638812933919644,-0.10600266412797546,-0.037177157574770026,-0.13220635457563457,-0.15276090928311306,-0.04358317351680224,-0.08087593316644022,-0.09328570699564388,-0.11853622153428807,-0.0738741944775166,0.38825916173590763,-0.024593559048004518,-0.061842549250686524,0.06654916235889531,0.31113829704611967,0.08122918063561833,0.04537197027116999,0.15091519514061097,-0.10848337689445153,-0.06299348569245736,-0.13526085753731495,,-0.1263600900921466,-0.018495544959886687,0.25000974987726393
Derrick Rose,0.5416854240518028,0.30194939271016835,0.1412956347077602,-0.111758244902619,0.4357827568741203,-0.33430442362692664,-0.06170531106425868,-0.08757018418253197,-0.04726201539661153,,0.3961217348758763,-0.3599826991738968,-0.08945120875792113,-0.05581753264616329,-0.15857810442309295,1.0,-0.04756067347544306,0.14829542207066607,-0.3707449283732259,-0.3416176216705919,-0.13664356904885858,-0.4639538604118619,-0.06179239107721045,-0.09814245757481005,,-0.2537015765375987,0.06023184755767424,0.09519984685051544,-0.07739248015445852,-0.2679223523321695,-0.08140557250861591,-0.2292635417574454,0.06212294299602155,-0.32817754001337807,0.4932548863122605,0.2064989574796109,-0.1749192157877389,0.2625067213254566,0.4771407860498725,-0.15977579063434094,-0.09961596320130524,-0.05319117682702032,0.0874569675561668,-0.23395201326354703,-0.2889809717018057,-0.5395613867424645,0.2279840107370975,0.5094516231602687,0.22946050765663195,0.30997398980975216,0.4241591906894581,,-0.2732927707962196,-0.16572396174392728,-0.02271789496323133
Derrick Walton,-0.05327990099629518,-0.04379487448806229,0.06948119770926116,-0.020437882230155364,-0.053134483894303135,-0.06113620024241253,-0.011284410216045437,0.726194641057673,-0.008643080476768464,,-0.01407048869957103,-0.06583213629580845,-0.01635846439367795,-0.03839049203363894,-0.029000103082367806,-0.04756067347544306,1.0,-0.010258262073274594,-0.05138557004681963,0.3898964021518174,-0.02498880663491189,-0.10118150657928665,-0.03285627440499145,-0.017947883768573585,,-0.0876823995043889,0.06486604327361138,-0.01164705068268715,-0.014153214344719866,-0.07344689954140876,0.5805973662624028,-0.04192676137845443,-0.014704515468448648,-0.06804879460261926,-0.030969028179915287,-0.01723825840781387,0.401404048644196,-0.03689687999260933,-0.04688410348792458,-0.029219130946983012,-0.05681313362877675,0.34694324916094904,-0.024460307925266257,-0.04507688338846562,-0.05373893836352703,0.1371942651107981,-0.04258042554195765,-0.029930640059645252,-0.04290794664454329,-0.024915532687331023,-0.012866877981451296,,-0.04997864335425943,-0.030306907698742776,-0.04353613504287448
Donta Hall,-0.0476500237240124,-0.03916724260601421,0.4736476090285922,-0.018278291718357247,-0.04751997227439952,-0.05467617877423418,-0.010092031037059227,-0.01432228444275687,-0.007729800207309018,,0.23929033756393556,-0.058875913761848406,-0.014629929896104149,-0.03433391995804582,-0.025935776419136324,0.14829542207066607,-0.010258262073274594,1.0,-0.061490234226912445,-0.05587226741496683,-0.02234833786705251,-0.09049005532629609,-0.0293844813073014,-0.01605140158627204,,-0.07841734572391539,0.1987253020401906,-0.010416352714007622,0.08609031373200605,-0.06568605496933341,-0.013314049474460701,-0.0374965256503251,0.525772031771348,-0.060858346516648516,0.14497508353812777,-0.015416759542216597,-0.0286083989248443,-0.03299813201815301,-0.04193004494572921,-0.026131660472033927,-0.05080991358138864,-0.008699526802109055,-0.021875683534333716,-0.040313786675660046,-0.048060556420766634,-0.09927010691273579,0.020686040328914457,0.09568416652681964,0.06677901104914283,-0.022282806488891266,0.1594196476313312,,-0.04469759697357577,-0.027104496139115655,-0.03893584313884187
Frank Jackson,-0.31937121204811336,-0.2523063801510677,-0.11519805535073935,0.20430460253584892,-0.3184995505914045,0.12322566723646539,0.14484810793814026,-0.015195841116999296,0.15651616766597282,,-0.32531737791142185,0.2550794700274305,0.05934978223155589,-0.15132407424669175,-0.04556881969966457,-0.3707449283732259,-0.05138557004681963,-0.061490234226912445,1.0,0.31404395929542506,0.10191337499768482,0.39937283338828544,0.07827862532305706,0.14454690460332387,,0.0600180162462829,-0.13192142648000893,-0.0698149325310167,-0.0848374177715576,0.11947541846972044,-0.08259413775383823,-0.023780086755950176,-0.08814203555042696,0.33397147723046106,-0.3621755501255798,-0.10332983692452631,0.14033155733136524,-0.22116785248630272,-0.28103342304950646,-0.11693742063581,-0.03948148452720046,-0.05830801753902368,-0.14662035857959937,-0.0006563576263806205,0.16676144679237,0.32415104040645276,-0.03940489469104148,-0.39446536552629463,-0.2571994817955168,-0.14934907393560307,-0.3206852834205414,,0.2276568175897495,0.265533061808127,-0.08800343165457014
Hamidou Diallo,-0.2901923205942917,-0.238531529154122,-0.1046731507069727,-0.11131620670267431,-0.2894002972329096,0.20848103782750813,-0.06146124759803622,0.42829260931943,0.25543299886989734,,-0.29559522356555906,0.3027724709407543,0.15413124445444648,-0.20909622134570033,-0.0937839290114938,-0.3416176216705919,0.3898964021518174,-0.05587226741496683,0.31404395929542506,1.0,-0.09721238582681932,0.15285867969107494,0.1428196244722422,-0.08874130717504061,,-0.025441458480282005,-0.11986861508536885,-0.06343639163149589,-0.07708636911409161,-0.07244277527219624,0.3171874551196794,0.05028749804362227,-0.08008906524245392,0.13643000586665463,-0.32908590188655695,-0.09388925498783127,0.36315194987284516,-0.20096116973807654,-0.25535720854830046,-0.04309069932238286,-0.17085061809788177,0.18221526436041044,-0.13322460039438752,0.11914981382845835,0.09789892395010812,0.39326676545562483,-0.11574491900323407,-0.3686287921121119,-0.23370082105786716,-0.13570401059645884,-0.2913863337257382,,0.37174983887211216,0.1607859710181456,-0.20373463494123906
Isaiah Livers,-0.11607397242174544,-0.09541018204772217,-0.04186819411201659,0.6094242847367353,-0.11575717114451611,0.1698399390342221,0.3893580203999794,-0.03488863844126885,-0.01882955234787521,,-0.11823507857782815,0.03552858317090937,-0.035638053175547586,-0.08363635874397922,-0.06317874287425197,-0.13664356904885858,-0.02498880663491189,-0.02234833786705251,0.10191337499768482,-0.09721238582681932,1.0,0.009503482110635147,-0.07157968047709898,0.5438553842730324,,0.0033018624120648215,-0.04794622508672139,-0.025373910507658512,-0.030833762465930583,-0.16000918230732042,-0.03243260948769514,0.21760164790143433,-0.03203481033267162,0.37326874387617304,-0.13163100877975756,-0.0375547456660372,0.15852071740281912,-0.08038242096223844,-0.10214028242383608,0.32464072515504155,-0.12377136561267474,-0.02119177610401428,-0.05328848317008284,0.12792894952009048,0.13970459286154877,0.1441546593637303,-0.12957569847211847,-0.14744776209741053,-0.09347794801343114,-0.05428022199634823,-0.11655156551244776,,-0.1088819528921787,-0.06602570768021628,-0.09484650015898839
Isaiah Stewart,-0.4699920078562879,-0.2023751558771045,-0.1695273815952993,0.14176796239474987,-0.4687092563033773,0.2364964478833916,0.018841393053121634,-0.0584638178371496,-0.07624223527784627,,-0.47874248481762977,0.2916801716166186,0.004997994953346769,0.006333539111340664,0.10991270292015129,-0.4639538604118619,-0.10118150657928665,-0.09049005532629609,0.39937283338828544,0.15285867969107494,0.009503482110635147,1.0,0.09992409798632068,0.0811011800280395,,0.21000355548572544,-0.1941377737617264,-0.10274082033937551,-0.12484816043404123,0.2570157721802161,-0.11482761813665018,0.17577458269462526,-0.1297112911311637,0.39299085821843416,-0.5329835864302422,-0.15206191320808454,-0.004440754587078789,-0.32547430432659324,-0.41357347748006984,0.11687104048001613,0.09932239993758112,-0.08580705211826337,-0.21576896765214185,0.23456021936506577,0.26086671932765626,0.48596112478224046,-0.05657428826696241,-0.38231970320901737,-0.3784990516003703,-0.2197845907285363,-0.47192581722762494,,0.1269611198101792,0.2482130805810022,0.11692548135734876
Jahlil Okafor,-0.1526186642237678,0.08377582216952066,-0.05504996275668346,-0.05854369522469429,-0.15220212133524255,-0.1751227956929307,-0.032323851612367796,-0.04587296604397871,-0.02475784249739225,,-0.15546017234058046,0.058193113150166904,0.34093471872276176,0.07784781454708692,0.014282889548343468,-0.06179239107721045,-0.03285627440499145,-0.0293844813073014,0.07827862532305706,0.1428196244722422,-0.07157968047709898,0.09992409798632068,1.0,-0.05141116997559008,,-0.024577983153482964,-0.06304159903065955,-0.03336262425603672,-0.040541454232694805,0.19151367638741693,-0.04264368173183863,-0.12009793931961907,-0.042120639619965004,0.15959572691878288,-0.17307367285924033,-0.049378469602029226,-0.09163008301484106,-0.10568999628749787,-0.13429809578950783,-0.08369731646494585,0.08332563863613857,-0.02786378801418456,-0.0700658119149987,-0.11082224314119368,0.04962751017902214,0.058363380536549485,0.33046151377006516,-0.031366181358904656,-0.12290851482494751,-0.07136978947142743,-0.1532466225681299,,-0.1431623115998948,0.37162900605107574,0.12143895503205583
Jamorko Pickett,-0.08336861363645698,-0.06852711627047256,-0.030071283214969748,0.5929959333849257,-0.08314107525959416,0.15673387913823603,0.08367904165421171,-0.025058308575362242,-0.01352407987669907,,-0.08492079988798978,-0.009819593571445342,-0.025596565913609832,-0.06007072156324902,-0.045377306340330124,-0.09814245757481005,-0.017947883768573585,-0.01605140158627204,0.14454690460332387,-0.08874130717504061,0.5438553842730324,0.0811011800280395,-0.05141116997559008,1.0,,-0.06392220926800318,-0.03443674952432863,-0.01822447959197026,-0.02214594690220909,-0.09843533596236136,-0.02329429787909284,0.045904843970894636,-0.02300858383512469,0.3501075653256493,-0.09454225167433682,-0.026973205244250936,0.20215088476524598,-0.05773362327960144,-0.0733609229050226,0.19537458277439676,-0.08889716569299246,-0.015220716215919628,-0.03827375657083309,-0.009146052009417304,0.23292951655437105,1.99449494433835e-17,-0.09306605190822553,-0.10590242802404817,-0.06713931442911986,-0.038986060021039666,-0.08371163863184129,,-0.06268003024147852,-0.04742210160315309,-0.06812225912105953
Jaysean Paige,,,,,,,,,,,,,,,,,,,,,,,,,,,,,,,,,,,,,,,,,,,,,,,,,,,,,,,
Jerami Grant,-0.40728813386893403,0.035438900101508554,-0.1469099255635615,-0.1520004176153172,-0.40617652031493895,0.08453913876606146,-0.08626154127096185,-0.12241959284672745,-0.06607039526043457,,-0.4148711679896708,0.10301556582293034,-0.01950743638845407,0.44001912140921334,0.1728765811586565,-0.2537015765375987,-0.0876823995043889,-0.07841734572391539,0.0600180162462829,-0.025441458480282005,0.0033018624120648215,0.21000355548572544,-0.024577983153482964,-0.06392220926800318,,1.0,-0.16823692800550882,-0.08903367778326739,-0.10819157226115711,0.2813611119677831,-0.11380171384802677,0.15864452560430925,-0.11240588951183982,-0.026296720164174912,-0.46187570569566383,-0.1317746085631272,-0.09669269447593411,-0.28205122601148946,-0.35839666854941343,0.03222596694027369,0.48464166178049795,-0.0743591242954245,-0.18698220121381046,-0.027298081017100802,-0.07889528014307952,0.16169938783195562,-0.17611309325284444,-0.17334368523402827,-0.32800168900875004,-0.19046208087509583,-0.4089639445145286,,-0.04831480893913706,-0.05905267469153833,0.2982173398335775
John Henson,-0.10222857630174333,-0.08402957934436577,0.7708669664633759,-0.03921432968046925,0.1577763678917882,-0.11730252110856418,-0.02165148900842341,-0.030727093788073152,-0.01658354830769809,,0.5020862856116477,-0.1263126515360977,-0.03138711773441062,-0.07366014708614455,-0.055642731973552274,0.06023184755767424,0.06486604327361138,0.1987253020401906,-0.13192142648000893,-0.11986861508536885,-0.04794622508672139,-0.1941377737617264,-0.06304159903065955,-0.03443674952432863,,-0.16823692800550882,1.0,0.3011003311192982,0.4746046170845973,-0.14092315926821025,-0.02856402192931541,-0.08044521563507313,0.2167997997880796,-0.13056577172992953,0.26129528971521226,-0.033075185614081896,-0.061376588379018014,-0.07079434160140416,-0.052450508179406226,-0.056062982506142126,-0.10900781828619374,-0.01866400412787828,0.14547678946167023,-0.086489380174392,-0.10310933500519275,-0.2129745361259241,0.14803040584203242,0.13023221921336006,0.2000909984459526,-0.04780563377177649,0.2684653894083532,,-0.09589442660476781,-0.05815010854405026,-0.08353313388144164
Jordan Bone,0.0006218505802238527,-0.044469799706309425,-0.019514376414196483,-0.020752851556724794,0.2406854775600572,-0.062078373585155194,-0.011458314882216615,-0.016261270340444896,-0.008776279465127273,,0.13198771315406735,-0.06684667896721716,-0.016610565587713826,-0.03898213001678875,-0.029447025265176913,0.09519984685051544,-0.01164705068268715,-0.010416352714007622,-0.0698149325310167,-0.06343639163149589,-0.025373910507658512,-0.10274082033937551,-0.03336262425603672,-0.01822447959197026,,-0.08903367778326739,0.3011003311192982,1.0,-0.014371330309023229,-0.07457879374779758,-0.015116538056172654,-0.04257289700287469,-0.01493112756467619,-0.06909749831704932,0.16460216493146898,-0.017503918155766074,-0.03248147394247946,-0.0001695271485904317,0.03141123784548349,-0.02966942858025425,-0.057688683954287064,-0.009877290018114668,0.06231103845218289,-0.0457715657163521,-0.05456711209680853,-0.11270953678407314,0.061232835557407994,0.04170900774512632,0.2406901305926535,0.012954043272698485,0.12217080153456296,,-0.0507488669744405,-0.0307739691193331,-0.044207072813308185
Jordan McRae,-0.06574222753130125,-0.054038625250057586,0.5227426548116152,-0.02521836337357757,0.05196942392022413,-0.07543613842329294,-0.013923867163930783,-0.019760302493390846,-0.010664722581120594,,0.4558524026518645,-0.08123046781809162,-0.020184757631337272,-0.04737014174424965,-0.03578331302463903,-0.07739248015445852,-0.014153214344719866,0.08609031373200605,-0.0848374177715576,-0.07708636911409161,-0.030833762465930583,-0.12484816043404123,-0.040541454232694805,-0.02214594690220909,,-0.10819157226115711,0.4746046170845973,-0.014371330309023229,1.0,-0.090626346724174,-0.018369251503056527,-0.051733554955077345,0.4214890689174475,-0.08396560906348613,0.20019239401870495,-0.021270338069296887,-0.039470701679326835,-0.045527169426195,-0.05785043405614692,-0.0360535721550423,-0.07010189373379226,-0.01200264398086107,-0.030181646343906535,-0.055620499826613747,-0.06630863509733666,-0.13696190359764449,0.071697765508402,0.15996101313080666,0.14901918082893142,-0.03074334952514241,0.13542120850718098,,-0.06166879595609504,-0.03739578310852024,-0.0537193658828518
Josh Jackson,-0.3411636864611821,-0.012427179687801541,-0.12305865949713964,-0.13086854732677008,-0.34023254669435765,-0.159959761004402,-0.07225672189432143,-0.052243916782330674,-0.04732284728933606,,-0.3475155922989896,0.018884449197490705,0.0892817044092907,0.40278977653521053,0.25529507266672075,-0.2679223523321695,-0.07344689954140876,-0.06568605496933341,0.11947541846972044,-0.07244277527219624,-0.16000918230732042,0.2570157721802161,0.19151367638741693,-0.09843533596236136,,0.2813611119677831,-0.14092315926821025,-0.07457879374779758,-0.090626346724174,1.0,0.09395646875944143,-0.06517130639574939,-0.09415645695719772,0.06150813058025108,-0.38688880263990416,-0.11038060650655465,-0.0641629400940212,-0.23625936538564,-0.30020989685172533,-0.1870969397964513,0.4934125592239754,0.0618353450510429,-0.1566250812729505,-0.08321494755599447,0.2005692717635551,0.23933649188864625,0.01946210712567399,-0.0989418414769365,-0.27474963320126994,-0.15953999205713607,-0.34256742423333647,,0.025572442392591203,0.2202787104067089,0.26958798521558147
Justin Robinson,-0.06915121029195934,-0.056840732035980016,-0.024943027581282615,-0.02652603074690485,-0.06896247554561287,0.07455517259152648,-0.014645872257246733,0.4942706505546487,-0.011217728720271157,,-0.07043869191376116,-0.08544257432604703,-0.021231413538463813,-0.049826462478121974,-0.037638812933919644,-0.08140557250861591,0.5805973662624028,-0.013314049474460701,-0.08259413775383823,0.3171874551196794,-0.03243260948769514,-0.11482761813665018,-0.04264368173183863,-0.02329429787909284,,-0.11380171384802677,-0.02856402192931541,-0.015116538056172654,-0.018369251503056527,0.09395646875944143,1.0,-0.05441613514154056,-0.01908477723092556,0.03524356961274124,-0.07841933362975433,-0.022373285421621966,0.3846578156664707,-0.04788792508573787,-0.06085019752324421,-0.03792308602081705,-0.07373694165050922,0.8470791520651636,-0.031746678682150385,0.05894089181864843,0.06292961343990268,0.13761947882778924,-0.07719488001337965,-0.08784218366224075,-0.055689601259193464,-0.032337508294499606,-0.06943573695681016,,0.16314182669850888,-0.03933489568084015,-0.05650491786496176
Kelly Olynyk,-0.19475142671185752,-0.16008127135615213,-0.07024736353071227,0.10014350842296549,-0.1942198906625839,0.32376807349940734,0.1489965502649664,-0.05853691375172022,-0.0315926310402323,,-0.19837737746026177,0.2630340466343134,-0.05979429803567822,-0.140326895431755,-0.10600266412797546,-0.2292635417574454,-0.04192676137845443,-0.0374965256503251,-0.023780086755950176,0.05028749804362227,0.21760164790143433,0.17577458269462526,-0.12009793931961907,0.045904843970894636,,0.15864452560430925,-0.08044521563507313,-0.04257289700287469,-0.051733554955077345,-0.06517130639574939,-0.05441613514154056,1.0,-0.05374869909735908,0.2224843396527007,-0.22085335949591633,-0.06301016623853832,-0.005528538057490121,-0.13486736809583252,-0.1713731796351234,0.2561022370514906,-0.20766627984059197,-0.03555602125702599,-0.08940857203522583,0.3252437268539588,-0.1057007858626651,0.34049345384913643,-0.21740491531504577,-0.24739105102395562,-0.15683932721425517,-0.09107253293284169,-0.19555274275077153,,0.12384688248682843,-0.11077936338442412,-0.15913551366601578
Khyri Thomas,-0.04087098895223308,-0.0561435573241083,0.35244418017082035,-0.02620067818403907,0.1109132993163676,-0.07837455416897393,-0.014466234673329055,-0.02053001294251519,-0.011080138712045016,,0.3572715576249275,-0.084394586377904,-0.020971001610501007,-0.049215320637095376,-0.037177157574770026,0.06212294299602155,-0.014704515468448648,0.525772031771348,-0.08814203555042696,-0.08008906524245392,-0.03203481033267162,-0.1297112911311637,-0.042120639619965004,-0.02300858383512469,,-0.11240588951183982,0.2167997997880796,-0.01493112756467619,0.4214890689174475,-0.09415645695719772,-0.01908477723092556,-0.05374869909735908,1.0,-0.08723626783426515,0.18313456616075524,-0.02209886797028504,-0.041008178725895794,-0.030681784720441793,-0.02489413675649196,-0.037457943936561135,-0.07283252805117432,-0.01247017531001346,-0.03135729274762177,-0.05778704965126256,-0.06889151303246259,-0.14229689319946498,0.03401261205262041,0.1741869899172902,0.15525502507723157,-0.031940875594315646,0.18420161901457066,,-0.06407094119897272,-0.038852437176515583,-0.0558118620505696
Killian Hayes,-0.3160892804301498,-0.21680897460771173,-0.11401425378716389,0.3628692034651633,-0.3152265763659264,0.36451350216115136,0.1366640566881805,0.008516652319381545,-0.0512760916877752,,-0.32197434213310716,0.1737233363278941,0.02406926589285536,-0.16257948088348642,-0.13220635457563457,-0.32817754001337807,-0.06804879460261926,-0.060858346516648516,0.33397147723046106,0.13643000586665463,0.37326874387617304,0.39299085821843416,0.15959572691878288,0.3501075653256493,,-0.026296720164174912,-0.13056577172992953,-0.06909749831704932,-0.08396560906348613,0.06150813058025108,0.03524356961274124,0.2224843396527007,-0.08723626783426515,1.0,-0.35845375133980967,-0.10226799588786298,0.11605449556799458,-0.21889508105115346,-0.27814545931947626,0.1737708867740758,-0.22687362591063154,0.04994092265389246,-0.1451136542414918,0.0758788898974503,0.177458371866789,0.30814415880267954,-0.08545604289944804,-0.35247469647714424,-0.254556441096841,-0.1478143286944163,-0.3173898481046152,,0.22728785548676447,0.23835759390953498,-0.20207775891812194
Langston Galloway,0.6423822189463704,0.25015350883109155,0.2533605284158047,-0.10765856467586041,0.6175127537520922,-0.3220409773241016,-0.0594417461355453,-0.08435780595612408,-0.045528280671562074,,0.6610221912469016,-0.346777284619791,-0.08616982802288868,-0.20222571120619467,-0.15276090928311306,0.4932548863122605,-0.030969028179915287,0.14497508353812777,-0.3621755501255798,-0.32908590188655695,-0.13163100877975756,-0.5329835864302422,-0.17307367285924033,-0.09454225167433682,,-0.46187570569566383,0.26129528971521226,0.16460216493146898,0.20019239401870495,-0.38688880263990416,-0.07841933362975433,-0.22085335949591633,0.18313456616075524,-0.35845375133980967,1.0,0.2618166275633279,-0.16850257197886412,0.4855318246524727,0.5846473153623406,-0.1539146602081331,-0.2992687966558201,-0.051239939886374285,0.2780384564863279,-0.2374469385337316,-0.2830751692504431,-0.5846978147695782,0.07562623714027893,0.38338404407072435,0.5421841651833669,0.24600773748828772,0.5935932281596527,,-0.2632674436310907,-0.15964463176112675,-0.22933089433966572
Louis King,0.2752833078812528,0.05576918243069201,-0.028882321581660413,-0.030715331080819808,0.256551680972187,-0.09187931559260784,-0.016958919321211206,-0.02406755047306409,-0.012989363350495012,,0.19645652827484938,-0.09893666277712182,-0.024584526134721816,-0.057695638906704504,-0.04358317351680224,0.2064989574796109,-0.01723825840781387,-0.015416759542216597,-0.10332983692452631,-0.09388925498783127,-0.0375547456660372,-0.15206191320808454,-0.049378469602029226,-0.026973205244250936,,-0.1317746085631272,-0.033075185614081896,-0.017503918155766074,-0.021270338069296887,-0.11038060650655465,-0.022373285421621966,-0.06301016623853832,-0.02209886797028504,-0.10226799588786298,0.2618166275633279,1.0,-0.04807431997522231,-0.05545094506661392,0.06669088597737707,-0.04391234232704496,-0.08538233998491317,-0.014618917899471008,0.282475303198965,-0.06774436714022025,-0.08076224655664611,-0.166816147112412,0.011173299541016764,0.20437605290589128,0.1324117525743612,0.2555499148295861,0.024086626828778678,,-0.07511103940756113,-0.045547121444375505,-0.06542883390570384
Luka Garza,-0.14858780673475794,-0.12213581903723252,-0.053596021616678854,0.15313147869899665,-0.14818226528586842,0.11099901957444586,0.1303678731791428,0.6054963020275739,0.4579751576438234,,-0.1513542669252181,-0.011958087434626336,0.027961096814223672,-0.10706399419066587,-0.08087593316644022,-0.1749192157877389,0.401404048644196,-0.0286083989248443,0.14033155733136524,0.36315194987284516,0.15852071740281912,-0.004440754587078789,-0.09163008301484106,0.20215088476524598,,-0.09669269447593411,-0.061376588379018014,-0.03248147394247946,-0.039470701679326835,-0.0641629400940212,0.3846578156664707,-0.005528538057490121,-0.041008178725895794,0.11605449556799458,-0.16850257197886412,-0.04807431997522231,1.0,-0.10289858597595014,-0.13075110834910394,0.008641623227638675,-0.15844134020098213,0.2509570974875622,-0.06821528266212154,0.008273790095103527,0.1240503132154026,0.20166329501175445,-0.1658715424345162,-0.18874980429202715,-0.11966234103640741,-0.06948482047472486,-0.14919917988223058,,0.16306778809198702,-0.0845203699643148,-0.12141424249603568
Luke Kennard,0.5261604007989875,0.2858625606901883,-0.06181990825844795,-0.06574329366756465,0.4764260183770816,-0.19665908243299474,-0.036298980801647486,-0.051514340979955824,-0.02780251748090558,,0.20056863112382461,-0.21176467407531266,-0.05262087903594864,-0.12349211935891638,-0.09328570699564388,0.2625067213254566,-0.03689687999260933,-0.03299813201815301,-0.22116785248630272,-0.20096116973807654,-0.08038242096223844,-0.32547430432659324,-0.10568999628749787,-0.05773362327960144,,-0.28205122601148946,-0.07079434160140416,-0.0001695271485904317,-0.045527169426195,-0.23625936538564,-0.04788792508573787,-0.13486736809583252,-0.030681784720441793,-0.21889508105115346,0.4855318246524727,-0.05545094506661392,-0.10289858597595014,1.0,0.5806906916464345,-0.09399026204996035,-0.18275291374466773,-0.03129042659634867,-0.03839490253105031,-0.1450004823813848,-0.1728640358345805,-0.35705436217652653,-0.1740089031635283,0.04233146625968871,0.18298165207042388,0.1661968583519478,0.47286452510184,,-0.16076815543527964,-0.09748935386536246,-0.14004430004256282
